00000000000000000000000000000000
00000000000000000000000000000000
00000000000000000000000000000000
00000000000000000000000000000000
00000000000000000000000000000000
00000000000000004444400000000000
00000000000444440000400000000000
00000000404444444440040000000000
00000004004044040044040000000000
00000040000400040004040000000000
00000040004004444444400000000000
00000000004404004044440000000000
00000040444000000000400000000000
00000044440000000440440000000000
00000044000000000044440000000000
00000004400000000404440000000000
00000404400000000440000000000000
00000404040000004004040000000000
00000004000440440000040000000000
00000404400000004004440000000000
00000404400000000000440000000000
00000404444400040444000000000000
00000040404040444400400000000000
00000004400440444000000000000000
00000000044444400004000000000000
00000000004400000040000000000000
00000000000004440400000000000000
00000000000000000000000000000000
00000000000000000000000000000000
00000000000000000000000000000000
00000000000000000000000000000000
00000000000000000000000000000000
