00000000000000000000000000000000
00000000000000000000000000000000
00000000000000000000000000000000
00000000000000000000000000000000
00000000000000000000000000000000
00000006666666666666666600000000
00000066666666666666666660000000
00000666633333333333336666000000
00006666322222222222233666600000
00006663222222222222223366600000
00006663222222222222222336600000
00006663222222222222222236600000
00006663222222222222222233600000
00006663222222222222222223600000
00006663222222222222222223600000
00006663222222222222222223600000
00006663222222222222222223600000
00006663222222222222222223600000
00006663222222222222222223600000
00006663222222222222222223600000
00006663222222222222222223600000
00006663222222222222222223600000
00006663222222222222222336600000
00006663332222222222233366600000
00000666633333333333336666000000
00000066666666666666666660000000
00000006666666666666666600000000
00000000000000000000000000000000
00000000000000000000000000000000
00000000000000000000000000000000
00000000000000000000000000000000
00000000000000000000000000000000
